12 16 20 23 25 27 30 34
84 86 87 89 90 93
94 92 89 86 85 84 83 82
49 46 45 44 41
21 19 17 16 14 12 10
23 24 25 28 30 31 34 36
15 12 10 8 6
67 70 71 72 75 77
27 26 24 23 20 17 14
74 75 76 79 81 84 85 88
35 34 31 29 26 24 23
9 8 7 4 2
17 16 13 10 8 6 4 3
45 47 50 52 54 56 58
28 29 30 31 32 35 38 40
69 68 66 64 63 62 60
43 44 47 48 51 52
21 24 26 28 29
29 27 25 22 19 18 16
86 83 82 80 77 76 73 71
23 21 20 17 16 15 12 10
7 8 9 12 15 17 20
26 28 30 33 36 38
29 28 25 24 21 19 17
86 84 83 81 78 77 74
5 8 11 13 16 18
70 71 72 73 76 77
28 31 32 33 35 37
27 25 24 22 19
36 35 34 31 30 29
30 28 25 22 20 18 15 13
27 30 31 33 34 35 36
15 17 18 21 23 24
23 26 28 29 31
76 79 82 83 86 87 90 91
32 31 28 25 23
3 4 5 8 9 10 13 16
8 11 13 15 17
58 56 55 54 52 51 48
41 44 45 47 50 52 54 57
66 65 64 62 60 59 57
69 66 63 60 58 55
27 30 31 33 34 35 36 39
43 40 39 38 36 35
42 41 39 36 33
77 79 82 85 88 89 91
14 13 12 9 6 4 3 2
47 49 52 55 56
88 91 92 93 96 97 99
99 97 96 93 91 90
74 77 79 82 85 88 90
1 4 5 7 10 11
16 18 21 24 26 28 30
99 96 93 90 89
70 69 66 64 63 60 58 57
77 75 72 69 67 64
30 27 25 23 21 18
87 84 83 81 79 77
20 21 24 27 29
29 26 23 21 20 17 16 14
43 41 40 39 38 36 35
61 64 66 68 70 73 74 75
39 41 42 43 44 46 49
17 20 23 25 28 29 30 31
37 40 43 45 48 49 51 54
49 52 54 57 58
15 18 21 24 27 30
20 18 16 15 14
86 85 82 81 80 77
62 61 60 58 56 54 53 52
16 13 10 9 6 4 3 2
14 13 11 9 8 7 6 5
55 56 57 59 62 63 66
59 61 64 66 67 69 72 75
14 17 19 21 22
52 49 47 46 43
80 82 84 85 88
18 15 13 11 10
86 83 80 79 78 75 74
50 49 46 44 42 41
46 48 50 52 54 55 58
64 61 59 57 55 52
10 11 14 17 19 20
86 85 83 80 78 77 74
57 55 54 53 50 49
72 70 69 68 67 64 63 60
60 59 56 55 53 52
46 48 51 54 55 58 61
24 23 22 20 17 15 12
71 74 76 78 80 81 84
30 33 34 35 37 39 40 43
67 68 70 73 75 78 80 81
53 51 49 46 43 42
46 47 48 49 50 52
16 17 18 20 23 25 27 28
74 72 71 69 66 65 64 63
98 97 94 91 88 87 85
49 48 47 45 44 42 41 38
83 84 85 87 88 89 90
41 44 46 48 50 51 52 53
56 58 59 62 65 67 70
33 32 31 28 27 25
57 58 61 64 66 69
60 59 56 53 50 47
69 70 72 73 75 78
39 42 44 47 48
57 60 61 62 63 66 68 69
2 3 5 7 9 10
66 67 68 69 70 71 72
9 8 7 4 1
86 84 81 79 76 73 72
56 55 54 52 50
35 38 41 42 45 46
41 39 38 35 34 31
85 82 79 76 73 71 69
10 13 14 15 16 19 22
31 28 26 24 22 19
89 88 86 83 82 81 80
50 47 46 44 43 42 39 38
64 63 60 59 56 54 51 49
43 41 40 39 37 35 33
64 61 58 57 54 52 50
41 44 45 47 49
89 90 93 94 96
39 36 33 30 27 25
30 28 27 25 24
83 84 86 88 89 92 95
42 41 38 35 32
30 29 27 26 23 22 21 20
8 10 11 12 15
59 56 54 52 51
64 63 61 59 56 54 53 52
68 69 70 73 75 76 79
62 64 66 68 70 73 75
33 35 36 37 39 41
49 52 55 56 59 61
46 48 51 53 54 57 60 61
24 26 29 31 33 34 35
41 39 36 35 34 33 30
98 96 93 90 87 86 84
31 29 28 27 25 22 21
28 31 32 34 35 36 39
76 77 80 82 84 86
10 12 15 17 18 19 22
75 76 79 81 83
44 43 41 40 38 35 32 31
63 65 67 70 73 75 77 78
69 66 63 62 60
17 20 22 24 26 27
90 87 85 82 81 78
95 94 93 90 87 85 83 80
18 21 23 24 26
43 41 40 38 37 35 33 32
70 71 72 74 75 78 79 80
32 30 27 25 23 21
55 57 59 62 64 67 69
52 53 54 56 59 61 62 65
29 27 24 21 20
41 42 44 45 46 47
67 69 70 73 76
24 22 21 20 17 14 13
73 72 69 67 65 63 61
19 20 22 23 24 25 28 29
37 36 35 34 31 30 29 27
42 43 44 46 49
79 82 85 88 90
27 25 22 20 18
47 49 52 55 57
68 66 64 62 59 56
89 87 84 82 80
93 91 90 87 86
31 28 26 25 22
12 9 7 4 2
27 26 24 22 21
71 74 76 79 81 82
24 23 20 17 14 11 10
58 55 52 49 48
97 94 92 89 87 86 85 82
91 88 87 85 83 82
63 60 57 56 53 52 51 49
63 66 68 70 73 76
22 20 19 18 15 13
65 63 62 61 60 59
97 95 94 91 88 85
13 15 18 20 21 23
66 67 70 71 74 77
61 60 58 56 53 52 49
17 15 12 11 10 7 6 3
86 87 88 89 91 92
78 80 83 86 89 91 92 94
66 65 63 62 61 59 58
84 86 88 89 92
80 83 86 87 88
69 68 65 62 60 59 56 53
57 59 62 65 68 69 72 73
11 14 15 16 18 21 22
20 21 23 26 29 31 33
26 25 24 22 20 18
25 28 29 32 34
63 62 61 60 59 57 56
69 72 75 77 80 82 83 86
59 56 53 50 48 45 42
30 33 34 36 37 40
51 48 45 42 41
79 81 83 85 87 89 90 93
59 61 63 64 66 69 70 72
44 45 46 49 51 54 57 59
40 41 42 43 46 48 51
10 13 15 17 20 21 23 25
11 9 6 5 4 3
88 90 91 93 94 97
94 93 90 87 84 83 80 78
72 74 76 79 82 83 86
91 90 89 88 87 86
24 27 30 33 35 37 38 41
54 53 50 48 45 43 40
75 74 72 70 68 66 63
86 85 83 80 78 75
72 73 76 77 78 79 82
81 79 78 77 76 74 71 69
11 14 16 19 21
83 80 77 74 71 70
75 77 79 82 85 87 89 91
38 40 41 44 47 49
37 39 40 43 46 48 51
26 25 22 21 19 16
28 25 24 22 19 17 15 14
99 96 93 91 88 87 86
68 67 66 65 62 60 58
36 38 41 43 46
69 71 74 76 78 80 83 85
37 34 31 28 27 26
70 73 76 77 78 80 81 83
65 64 61 59 57 54 52
13 10 9 6 4
85 88 91 93 94
77 78 80 83 86 87 90 93
36 37 38 39 42 45 46 47
66 69 70 73 76 79 80
81 80 77 75 74 71 69
56 53 50 47 45 42 40
75 72 70 67 65 64 61 59
35 33 30 28 26 24 21
13 14 16 17 18 20 23 25
30 31 32 33 36 39
40 37 35 34 32 29 26 25
19 17 16 14 13 12 11 9
54 53 50 47 44
65 64 62 60 57 54
37 35 32 29 27
28 29 32 35 38 40 43 46
87 90 92 93 95 97
9 10 13 16 17 18 20
60 57 55 54 53 52 50 47
74 73 71 69 66
62 63 66 69 70 71
37 39 42 43 44 46 48
15 18 19 20 22
62 59 58 56 55 54 52 50
29 26 25 23 20 19
62 63 66 67 68 70
97 96 94 93 92 91 88
42 40 37 35 34
65 63 60 57 56 54 51
39 38 37 36 35 33
45 42 39 36 34 33
37 35 33 30 28 25 24 22
20 19 16 15 12 9
41 38 35 34 33 31 30 29
69 67 65 63 62 59
77 75 73 71 70 68 65 63
3 5 8 10 13 16 18
21 23 25 27 30 33 35
67 66 64 62 60
95 92 90 87 84
66 63 60 57 56 53 50 49
47 46 44 41 40
39 42 43 44 47
57 56 53 51 48 47
23 24 25 26 28 30 31
78 79 80 81 83 86 87
13 16 18 20 21 24
90 88 86 83 82 80 78 77
82 80 79 77 76 73 71 68
64 65 67 69 71
64 66 68 69 71 73 74
25 27 28 31 32 35 36 39
54 55 57 58 59
58 55 52 49 46
18 15 12 9 8 5 3
13 15 17 19 22 25 26 28
77 79 82 85 88
59 61 63 66 69
15 12 11 8 7 6
60 63 65 67 70 71 74
75 74 71 68 67 65 63
39 40 43 46 48
67 70 73 75 76 78 81
73 70 67 64 61
22 24 25 28 31
62 64 67 69 71 73
44 41 40 37 36 33 32 31
50 47 45 43 41 39 37 34
36 38 40 41 42
93 92 90 87 86 84 83 82
17 14 11 10 8
90 87 86 84 81
56 57 60 63 64 66 67 69
38 36 33 32 31
67 64 63 60 57 54 52 51
76 77 79 81 83
82 83 86 87 88
39 40 43 45 46 49 52
67 68 71 73 75 76 78 81
25 24 21 18 17 16 15 13
89 86 83 80 78 77 75 72
20 21 23 25 27 28 29
1 4 6 9 12 15 18 19
51 52 53 54 55 56 57
71 70 68 67 65 62 61
29 26 24 21 18 17 15
55 53 52 50 49 48 46 45
24 27 28 29 32 33 34 37
61 64 65 66 67 68
82 80 77 75 74
71 68 66 63 61 58 56 54
27 28 30 31 33 35 38 41
12 13 16 19 21 24 26
46 49 51 54 55 58 59 61
63 62 60 57 54
78 75 74 71 69 66 64
84 82 80 77 75 72
75 72 70 68 67
52 54 57 59 61 64
42 45 47 49 50 53
80 83 85 86 88 91 93 94
29 32 33 36 38
4 5 7 8 9
37 36 35 33 31 29
58 59 62 63 65 67
60 58 56 55 53
76 79 81 82 84 86 87
87 89 90 92 93 95 96
59 61 64 65 68
63 65 68 69 71 74
81 83 86 89 90 91 94 95
54 53 51 50 49 47 44
78 81 83 86 89 92
64 65 68 69 70
30 28 25 22 21 18 17
36 34 33 32 30
31 30 27 24 23 22 21 18
62 64 65 66 69 72
9 6 5 3 1
6 8 11 13 14
51 49 48 47 45 43 41
76 75 74 71 68 65 63 61
83 85 88 91 92 93
51 49 47 45 44 43
69 66 64 62 60 58
6 7 9 10 12 13 16 19
45 44 43 42 41
56 58 60 63 64 67 68
71 73 76 78 81 83 84 86
83 82 81 78 75 72 70 67
51 50 48 45 42 39 37
88 86 85 82 79
51 48 46 43 42 40 39 38
34 36 39 42 45 48 50 53
27 24 22 21 19 17 16
66 63 61 60 58 57 54 53
83 84 87 90 91 94 96 98